SampleID	EdgeA	EdgeB	XEdge	TriangleXAX	L3XAX	
1000	9.00000	2.00000	169.00000	54.00000	1770.00000	
2000	10.00000	3.00000	174.00000	65.00000	2166.00000	
3000	8.00000	3.00000	187.00000	48.00000	1638.00000	
4000	8.00000	3.00000	186.00000	50.00000	2022.00000	
5000	5.00000	6.00000	164.00000	26.00000	1058.00000	
6000	8.00000	2.00000	180.00000	44.00000	1782.00000	
7000	12.00000	2.00000	191.00000	67.00000	3038.00000	
8000	10.00000	1.00000	178.00000	49.00000	1886.00000	
9000	11.00000	0.00000	176.00000	52.00000	1834.00000	
10000	9.00000	1.00000	180.00000	39.00000	1593.00000	
11000	10.00000	1.00000	177.00000	50.00000	1939.00000	
12000	10.00000	0.00000	183.00000	48.00000	2082.00000	
13000	12.00000	3.00000	169.00000	54.00000	2346.00000	
14000	13.00000	1.00000	181.00000	79.00000	3335.00000	
15000	13.00000	2.00000	160.00000	48.00000	1972.00000	
16000	8.00000	2.00000	169.00000	36.00000	1451.00000	
17000	8.00000	3.00000	166.00000	35.00000	1317.00000	
18000	9.00000	4.00000	175.00000	46.00000	1856.00000	
19000	8.00000	1.00000	163.00000	32.00000	1257.00000	
20000	4.00000	1.00000	167.00000	24.00000	808.00000	
21000	5.00000	1.00000	162.00000	27.00000	1072.00000	
22000	4.00000	1.00000	159.00000	21.00000	702.00000	
23000	5.00000	1.00000	163.00000	24.00000	890.00000	
24000	6.00000	0.00000	175.00000	37.00000	1436.00000	
25000	4.00000	1.00000	156.00000	14.00000	594.00000	
26000	6.00000	4.00000	158.00000	26.00000	898.00000	
27000	7.00000	4.00000	169.00000	28.00000	1112.00000	
28000	6.00000	4.00000	172.00000	33.00000	1411.00000	
29000	7.00000	5.00000	175.00000	50.00000	1812.00000	
30000	9.00000	4.00000	162.00000	40.00000	1561.00000	
31000	6.00000	3.00000	154.00000	20.00000	1067.00000	
32000	6.00000	3.00000	154.00000	17.00000	848.00000	
33000	10.00000	2.00000	167.00000	48.00000	1696.00000	
34000	9.00000	2.00000	166.00000	39.00000	1565.00000	
35000	10.00000	5.00000	178.00000	52.00000	1884.00000	
36000	9.00000	4.00000	168.00000	43.00000	1660.00000	
37000	9.00000	3.00000	164.00000	51.00000	1860.00000	
38000	10.00000	2.00000	168.00000	39.00000	1773.00000	
39000	9.00000	2.00000	158.00000	32.00000	1462.00000	
40000	9.00000	3.00000	161.00000	40.00000	1731.00000	
41000	6.00000	3.00000	163.00000	30.00000	1025.00000	
42000	5.00000	4.00000	153.00000	25.00000	793.00000	
43000	8.00000	2.00000	151.00000	40.00000	1307.00000	
44000	7.00000	3.00000	167.00000	34.00000	1471.00000	
45000	6.00000	6.00000	174.00000	24.00000	1106.00000	
46000	7.00000	4.00000	181.00000	39.00000	1406.00000	
47000	4.00000	1.00000	168.00000	13.00000	633.00000	
48000	7.00000	2.00000	164.00000	30.00000	1260.00000	
49000	8.00000	2.00000	179.00000	51.00000	1582.00000	
50000	11.00000	1.00000	149.00000	43.00000	1594.00000	
51000	9.00000	0.00000	148.00000	34.00000	1232.00000	
52000	9.00000	2.00000	145.00000	35.00000	1467.00000	
53000	7.00000	2.00000	141.00000	24.00000	855.00000	
54000	6.00000	0.00000	163.00000	23.00000	1257.00000	
55000	7.00000	3.00000	171.00000	39.00000	1443.00000	
56000	7.00000	2.00000	158.00000	29.00000	1143.00000	
57000	5.00000	2.00000	159.00000	25.00000	770.00000	
58000	6.00000	1.00000	154.00000	24.00000	820.00000	
59000	6.00000	1.00000	147.00000	25.00000	1119.00000	
60000	4.00000	1.00000	149.00000	17.00000	645.00000	
61000	10.00000	2.00000	157.00000	39.00000	1860.00000	
62000	5.00000	3.00000	155.00000	27.00000	862.00000	
63000	5.00000	1.00000	153.00000	16.00000	683.00000	
64000	3.00000	1.00000	157.00000	12.00000	417.00000	
65000	3.00000	2.00000	157.00000	12.00000	490.00000	
66000	5.00000	3.00000	144.00000	20.00000	718.00000	
67000	3.00000	5.00000	143.00000	10.00000	460.00000	
68000	4.00000	2.00000	145.00000	16.00000	644.00000	
69000	3.00000	0.00000	151.00000	18.00000	648.00000	
70000	7.00000	1.00000	141.00000	23.00000	853.00000	
71000	8.00000	1.00000	159.00000	31.00000	1236.00000	
72000	6.00000	1.00000	162.00000	29.00000	1032.00000	
73000	4.00000	2.00000	151.00000	15.00000	682.00000	
74000	5.00000	1.00000	158.00000	19.00000	760.00000	
75000	7.00000	0.00000	162.00000	37.00000	1507.00000	
76000	8.00000	0.00000	146.00000	31.00000	1070.00000	
77000	7.00000	0.00000	150.00000	21.00000	861.00000	
78000	6.00000	0.00000	142.00000	13.00000	593.00000	
79000	8.00000	0.00000	162.00000	27.00000	1282.00000	
80000	7.00000	1.00000	142.00000	24.00000	863.00000	
81000	7.00000	0.00000	171.00000	34.00000	1361.00000	
82000	8.00000	4.00000	181.00000	43.00000	1773.00000	
83000	7.00000	6.00000	165.00000	41.00000	1417.00000	
84000	8.00000	4.00000	171.00000	52.00000	2171.00000	
85000	9.00000	1.00000	172.00000	55.00000	2242.00000	
86000	9.00000	1.00000	167.00000	63.00000	2312.00000	
87000	9.00000	0.00000	164.00000	56.00000	2096.00000	
88000	7.00000	1.00000	176.00000	42.00000	1564.00000	
89000	10.00000	2.00000	191.00000	54.00000	2197.00000	
90000	14.00000	1.00000	175.00000	79.00000	3290.00000	
91000	12.00000	2.00000	189.00000	76.00000	2821.00000	
92000	13.00000	0.00000	185.00000	71.00000	2802.00000	
93000	9.00000	1.00000	189.00000	52.00000	2284.00000	
94000	7.00000	1.00000	186.00000	44.00000	1614.00000	
95000	4.00000	0.00000	166.00000	22.00000	765.00000	
96000	5.00000	1.00000	138.00000	13.00000	638.00000	
97000	8.00000	4.00000	144.00000	34.00000	1290.00000	
98000	8.00000	4.00000	165.00000	27.00000	1433.00000	
99000	9.00000	0.00000	170.00000	40.00000	1660.00000	
100000	9.00000	0.00000	169.00000	42.00000	1719.00000	
101000	10.00000	0.00000	174.00000	54.00000	2179.00000	
102000	8.00000	1.00000	168.00000	37.00000	1372.00000	
103000	8.00000	2.00000	169.00000	41.00000	1750.00000	
104000	9.00000	1.00000	155.00000	48.00000	1514.00000	
105000	5.00000	2.00000	155.00000	15.00000	590.00000	
106000	5.00000	3.00000	151.00000	12.00000	612.00000	
107000	6.00000	0.00000	143.00000	14.00000	688.00000	
108000	6.00000	2.00000	158.00000	24.00000	800.00000	
109000	4.00000	4.00000	167.00000	14.00000	692.00000	
110000	7.00000	3.00000	170.00000	33.00000	1378.00000	
111000	6.00000	1.00000	163.00000	34.00000	1335.00000	
112000	4.00000	1.00000	166.00000	17.00000	707.00000	
113000	6.00000	1.00000	150.00000	20.00000	843.00000	
114000	7.00000	1.00000	148.00000	22.00000	984.00000	
115000	7.00000	2.00000	147.00000	29.00000	978.00000	
116000	6.00000	1.00000	167.00000	20.00000	1029.00000	
117000	3.00000	2.00000	155.00000	11.00000	468.00000	
118000	4.00000	1.00000	150.00000	16.00000	596.00000	
119000	7.00000	1.00000	138.00000	12.00000	776.00000	
120000	7.00000	2.00000	159.00000	22.00000	961.00000	
121000	6.00000	3.00000	172.00000	31.00000	1114.00000	
122000	9.00000	3.00000	158.00000	45.00000	1685.00000	
123000	8.00000	2.00000	163.00000	41.00000	1482.00000	
124000	6.00000	3.00000	151.00000	20.00000	852.00000	
125000	9.00000	1.00000	161.00000	46.00000	1808.00000	
126000	8.00000	2.00000	157.00000	32.00000	1133.00000	
127000	4.00000	1.00000	163.00000	19.00000	711.00000	
128000	3.00000	1.00000	160.00000	11.00000	438.00000	
129000	6.00000	4.00000	155.00000	22.00000	869.00000	
130000	4.00000	3.00000	153.00000	24.00000	746.00000	
131000	4.00000	2.00000	151.00000	18.00000	819.00000	
132000	5.00000	2.00000	158.00000	22.00000	910.00000	
133000	6.00000	3.00000	151.00000	25.00000	932.00000	
134000	8.00000	3.00000	157.00000	33.00000	1252.00000	
135000	4.00000	1.00000	154.00000	12.00000	557.00000	
136000	5.00000	1.00000	155.00000	21.00000	767.00000	
137000	4.00000	1.00000	180.00000	26.00000	614.00000	
138000	9.00000	1.00000	174.00000	48.00000	1830.00000	
139000	12.00000	2.00000	185.00000	76.00000	2845.00000	
140000	10.00000	2.00000	164.00000	53.00000	1957.00000	
141000	7.00000	2.00000	148.00000	31.00000	1068.00000	
142000	3.00000	1.00000	143.00000	14.00000	506.00000	
143000	5.00000	2.00000	168.00000	23.00000	874.00000	
144000	3.00000	0.00000	152.00000	10.00000	460.00000	
145000	8.00000	2.00000	150.00000	35.00000	1290.00000	
146000	12.00000	2.00000	161.00000	48.00000	1786.00000	
147000	11.00000	2.00000	178.00000	58.00000	2074.00000	
148000	6.00000	3.00000	178.00000	24.00000	1019.00000	
149000	9.00000	2.00000	172.00000	41.00000	1594.00000	
150000	12.00000	3.00000	168.00000	48.00000	1979.00000	
151000	13.00000	2.00000	186.00000	74.00000	3235.00000	
152000	7.00000	0.00000	191.00000	38.00000	1549.00000	
153000	9.00000	0.00000	181.00000	42.00000	1761.00000	
154000	6.00000	0.00000	174.00000	32.00000	1331.00000	
155000	8.00000	2.00000	157.00000	26.00000	1142.00000	
156000	5.00000	2.00000	154.00000	14.00000	619.00000	
157000	7.00000	1.00000	155.00000	27.00000	933.00000	
158000	8.00000	3.00000	181.00000	46.00000	1738.00000	
159000	7.00000	2.00000	170.00000	31.00000	1159.00000	
160000	6.00000	2.00000	178.00000	32.00000	1247.00000	
161000	9.00000	3.00000	172.00000	43.00000	1578.00000	
162000	7.00000	2.00000	181.00000	30.00000	1231.00000	
163000	5.00000	1.00000	174.00000	18.00000	867.00000	
164000	7.00000	1.00000	173.00000	31.00000	1242.00000	
165000	5.00000	0.00000	155.00000	16.00000	693.00000	
166000	6.00000	0.00000	156.00000	26.00000	1210.00000	
167000	6.00000	0.00000	161.00000	28.00000	1037.00000	
168000	6.00000	1.00000	167.00000	27.00000	1118.00000	
169000	10.00000	1.00000	175.00000	40.00000	1812.00000	
170000	10.00000	1.00000	186.00000	51.00000	1952.00000	
171000	9.00000	1.00000	148.00000	30.00000	1114.00000	
172000	5.00000	1.00000	155.00000	14.00000	591.00000	
173000	2.00000	2.00000	150.00000	10.00000	297.00000	
174000	3.00000	2.00000	136.00000	8.00000	382.00000	
175000	2.00000	0.00000	142.00000	7.00000	299.00000	
176000	4.00000	0.00000	144.00000	14.00000	680.00000	
177000	3.00000	0.00000	150.00000	17.00000	511.00000	
178000	3.00000	0.00000	157.00000	21.00000	470.00000	
179000	5.00000	1.00000	164.00000	26.00000	949.00000	
180000	5.00000	1.00000	157.00000	24.00000	893.00000	
181000	3.00000	0.00000	166.00000	19.00000	756.00000	
182000	5.00000	3.00000	174.00000	25.00000	1035.00000	
183000	8.00000	3.00000	156.00000	46.00000	1534.00000	
184000	10.00000	3.00000	166.00000	66.00000	2089.00000	
185000	6.00000	1.00000	146.00000	22.00000	1006.00000	
186000	8.00000	3.00000	158.00000	38.00000	1456.00000	
187000	8.00000	3.00000	170.00000	47.00000	1569.00000	
188000	7.00000	1.00000	168.00000	47.00000	1584.00000	
189000	6.00000	3.00000	169.00000	39.00000	1541.00000	
190000	7.00000	2.00000	186.00000	48.00000	1942.00000	
191000	8.00000	3.00000	176.00000	33.00000	1575.00000	
192000	7.00000	1.00000	171.00000	32.00000	1309.00000	
193000	7.00000	3.00000	170.00000	26.00000	1364.00000	
194000	10.00000	3.00000	166.00000	35.00000	1535.00000	
195000	12.00000	2.00000	177.00000	50.00000	1995.00000	
196000	7.00000	3.00000	172.00000	28.00000	1135.00000	
197000	6.00000	6.00000	161.00000	22.00000	1047.00000	
198000	12.00000	1.00000	154.00000	54.00000	1969.00000	
199000	11.00000	1.00000	164.00000	71.00000	2345.00000	
200000	10.00000	3.00000	164.00000	48.00000	1680.00000	
201000	10.00000	4.00000	170.00000	58.00000	2194.00000	
202000	13.00000	3.00000	168.00000	64.00000	2485.00000	
203000	8.00000	4.00000	166.00000	37.00000	1625.00000	
204000	9.00000	3.00000	155.00000	34.00000	1222.00000	
205000	10.00000	3.00000	141.00000	33.00000	1439.00000	
206000	10.00000	2.00000	160.00000	40.00000	1703.00000	
207000	8.00000	3.00000	173.00000	45.00000	1709.00000	
208000	5.00000	4.00000	160.00000	17.00000	827.00000	
209000	5.00000	4.00000	159.00000	21.00000	817.00000	
210000	6.00000	6.00000	163.00000	32.00000	1145.00000	
211000	9.00000	2.00000	172.00000	46.00000	1762.00000	
212000	7.00000	2.00000	164.00000	32.00000	1256.00000	
213000	7.00000	0.00000	159.00000	47.00000	1561.00000	
214000	8.00000	0.00000	153.00000	59.00000	2059.00000	
215000	6.00000	0.00000	150.00000	38.00000	1359.00000	
216000	7.00000	3.00000	172.00000	34.00000	1660.00000	
217000	4.00000	3.00000	164.00000	21.00000	781.00000	
218000	2.00000	2.00000	147.00000	16.00000	464.00000	
219000	3.00000	2.00000	148.00000	15.00000	486.00000	
220000	2.00000	3.00000	150.00000	3.00000	220.00000	
221000	5.00000	3.00000	148.00000	12.00000	599.00000	
222000	5.00000	2.00000	148.00000	11.00000	638.00000	
223000	5.00000	2.00000	141.00000	15.00000	688.00000	
224000	5.00000	3.00000	146.00000	24.00000	870.00000	
225000	7.00000	6.00000	145.00000	27.00000	1012.00000	
226000	10.00000	6.00000	168.00000	47.00000	1864.00000	
227000	10.00000	5.00000	170.00000	54.00000	1977.00000	
228000	11.00000	3.00000	175.00000	51.00000	1914.00000	
229000	10.00000	5.00000	158.00000	40.00000	1384.00000	
230000	9.00000	3.00000	152.00000	43.00000	1408.00000	
231000	7.00000	3.00000	152.00000	24.00000	1122.00000	
232000	7.00000	1.00000	174.00000	31.00000	1490.00000	
233000	6.00000	1.00000	152.00000	17.00000	831.00000	
234000	6.00000	0.00000	141.00000	25.00000	916.00000	
235000	4.00000	1.00000	134.00000	15.00000	527.00000	
236000	2.00000	2.00000	166.00000	7.00000	374.00000	
237000	2.00000	3.00000	156.00000	9.00000	324.00000	
238000	2.00000	1.00000	162.00000	7.00000	368.00000	
239000	5.00000	1.00000	156.00000	8.00000	635.00000	
240000	6.00000	3.00000	152.00000	25.00000	1027.00000	
241000	6.00000	1.00000	153.00000	33.00000	1182.00000	
242000	10.00000	1.00000	168.00000	52.00000	1989.00000	
243000	9.00000	2.00000	163.00000	43.00000	1607.00000	
244000	9.00000	4.00000	175.00000	49.00000	1940.00000	
245000	13.00000	0.00000	166.00000	68.00000	2698.00000	
246000	14.00000	2.00000	182.00000	101.00000	3458.00000	
247000	13.00000	2.00000	151.00000	59.00000	2325.00000	
248000	11.00000	2.00000	171.00000	59.00000	2297.00000	
249000	9.00000	2.00000	167.00000	40.00000	1614.00000	
250000	9.00000	3.00000	182.00000	43.00000	1890.00000	
251000	9.00000	2.00000	179.00000	36.00000	1773.00000	
252000	11.00000	0.00000	159.00000	40.00000	1829.00000	
253000	8.00000	0.00000	168.00000	33.00000	1315.00000	
254000	6.00000	1.00000	163.00000	23.00000	965.00000	
255000	2.00000	1.00000	150.00000	8.00000	231.00000	
256000	3.00000	1.00000	133.00000	10.00000	323.00000	
257000	4.00000	1.00000	146.00000	16.00000	572.00000	
258000	9.00000	0.00000	165.00000	35.00000	1430.00000	
259000	7.00000	0.00000	188.00000	38.00000	1608.00000	
260000	7.00000	1.00000	178.00000	23.00000	1230.00000	
261000	8.00000	1.00000	165.00000	42.00000	1291.00000	
262000	8.00000	2.00000	170.00000	36.00000	1378.00000	
263000	8.00000	2.00000	170.00000	34.00000	1395.00000	
264000	9.00000	0.00000	163.00000	42.00000	1578.00000	
265000	9.00000	2.00000	175.00000	36.00000	1507.00000	
266000	7.00000	2.00000	179.00000	35.00000	1492.00000	
267000	7.00000	4.00000	177.00000	43.00000	1549.00000	
268000	6.00000	4.00000	168.00000	23.00000	1073.00000	
269000	9.00000	0.00000	179.00000	45.00000	1690.00000	
270000	3.00000	2.00000	181.00000	18.00000	600.00000	
271000	3.00000	6.00000	162.00000	8.00000	459.00000	
272000	5.00000	4.00000	158.00000	21.00000	930.00000	
273000	5.00000	3.00000	156.00000	21.00000	816.00000	
274000	8.00000	5.00000	170.00000	30.00000	1346.00000	
275000	7.00000	3.00000	156.00000	17.00000	867.00000	
276000	8.00000	1.00000	160.00000	35.00000	1265.00000	
277000	7.00000	1.00000	158.00000	30.00000	961.00000	
278000	7.00000	2.00000	142.00000	26.00000	823.00000	
279000	7.00000	1.00000	146.00000	16.00000	731.00000	
280000	6.00000	1.00000	149.00000	19.00000	884.00000	
281000	7.00000	1.00000	145.00000	26.00000	1128.00000	
282000	8.00000	1.00000	165.00000	43.00000	1659.00000	
283000	12.00000	2.00000	168.00000	55.00000	2516.00000	
284000	6.00000	1.00000	171.00000	23.00000	1065.00000	
285000	5.00000	1.00000	180.00000	29.00000	931.00000	
286000	4.00000	2.00000	161.00000	17.00000	642.00000	
287000	7.00000	0.00000	156.00000	31.00000	1108.00000	
288000	6.00000	0.00000	168.00000	22.00000	774.00000	
289000	9.00000	1.00000	169.00000	40.00000	1736.00000	
290000	4.00000	1.00000	165.00000	18.00000	714.00000	
291000	5.00000	1.00000	151.00000	17.00000	797.00000	
292000	6.00000	0.00000	150.00000	26.00000	970.00000	
293000	3.00000	0.00000	180.00000	13.00000	631.00000	
294000	6.00000	2.00000	187.00000	47.00000	1777.00000	
295000	9.00000	1.00000	168.00000	51.00000	2155.00000	
296000	12.00000	1.00000	154.00000	51.00000	2048.00000	
297000	5.00000	2.00000	156.00000	18.00000	714.00000	
298000	5.00000	2.00000	167.00000	22.00000	916.00000	
299000	10.00000	2.00000	189.00000	57.00000	2341.00000	
300000	9.00000	1.00000	181.00000	42.00000	1726.00000	
301000	9.00000	2.00000	186.00000	43.00000	1839.00000	
302000	7.00000	3.00000	186.00000	41.00000	1653.00000	
303000	5.00000	4.00000	180.00000	30.00000	1071.00000	
304000	4.00000	3.00000	168.00000	23.00000	806.00000	
305000	6.00000	2.00000	149.00000	22.00000	941.00000	
306000	8.00000	2.00000	158.00000	37.00000	1491.00000	
307000	4.00000	2.00000	166.00000	22.00000	841.00000	
308000	6.00000	0.00000	150.00000	27.00000	882.00000	
309000	8.00000	0.00000	153.00000	38.00000	1460.00000	
310000	9.00000	2.00000	154.00000	46.00000	1713.00000	
311000	6.00000	0.00000	159.00000	23.00000	879.00000	
312000	9.00000	1.00000	141.00000	29.00000	1080.00000	
313000	7.00000	0.00000	148.00000	25.00000	969.00000	
314000	4.00000	0.00000	154.00000	17.00000	586.00000	
315000	5.00000	2.00000	148.00000	17.00000	648.00000	
316000	3.00000	2.00000	142.00000	2.00000	219.00000	
317000	3.00000	1.00000	144.00000	9.00000	374.00000	
318000	7.00000	1.00000	147.00000	26.00000	1079.00000	
319000	5.00000	2.00000	153.00000	17.00000	643.00000	
320000	3.00000	1.00000	140.00000	5.00000	279.00000	
321000	7.00000	0.00000	153.00000	23.00000	1068.00000	
322000	6.00000	1.00000	154.00000	22.00000	904.00000	
323000	7.00000	0.00000	173.00000	29.00000	1274.00000	
324000	9.00000	0.00000	150.00000	30.00000	1308.00000	
325000	12.00000	1.00000	152.00000	47.00000	1816.00000	
326000	16.00000	4.00000	175.00000	77.00000	3096.00000	
327000	13.00000	5.00000	174.00000	63.00000	2295.00000	
328000	14.00000	4.00000	161.00000	52.00000	2080.00000	
329000	13.00000	4.00000	151.00000	51.00000	2179.00000	
330000	11.00000	2.00000	169.00000	64.00000	2476.00000	
331000	11.00000	1.00000	161.00000	38.00000	1674.00000	
332000	8.00000	1.00000	168.00000	27.00000	1318.00000	
333000	5.00000	1.00000	154.00000	18.00000	833.00000	
334000	5.00000	1.00000	149.00000	27.00000	936.00000	
335000	5.00000	1.00000	160.00000	22.00000	870.00000	
336000	9.00000	3.00000	159.00000	34.00000	1455.00000	
337000	9.00000	1.00000	165.00000	45.00000	1623.00000	
338000	10.00000	1.00000	159.00000	43.00000	1752.00000	
339000	9.00000	3.00000	145.00000	34.00000	1374.00000	
340000	9.00000	4.00000	157.00000	44.00000	1561.00000	
341000	8.00000	4.00000	165.00000	43.00000	1432.00000	
342000	9.00000	3.00000	159.00000	42.00000	1538.00000	
343000	5.00000	3.00000	156.00000	22.00000	908.00000	
344000	6.00000	2.00000	178.00000	29.00000	1447.00000	
345000	6.00000	2.00000	168.00000	32.00000	1237.00000	
346000	7.00000	2.00000	157.00000	26.00000	1077.00000	
347000	6.00000	2.00000	173.00000	25.00000	1015.00000	
348000	8.00000	2.00000	146.00000	23.00000	956.00000	
349000	9.00000	1.00000	165.00000	41.00000	1516.00000	
350000	7.00000	1.00000	154.00000	41.00000	1311.00000	
351000	6.00000	1.00000	132.00000	21.00000	715.00000	
352000	5.00000	3.00000	134.00000	14.00000	558.00000	
353000	9.00000	2.00000	152.00000	30.00000	1186.00000	
354000	10.00000	3.00000	161.00000	47.00000	1653.00000	
355000	13.00000	1.00000	163.00000	47.00000	2161.00000	
356000	10.00000	2.00000	152.00000	27.00000	1294.00000	
357000	8.00000	4.00000	176.00000	46.00000	1673.00000	
358000	6.00000	1.00000	186.00000	39.00000	1501.00000	
359000	6.00000	0.00000	177.00000	36.00000	1207.00000	
360000	8.00000	1.00000	188.00000	53.00000	1887.00000	
361000	10.00000	3.00000	185.00000	45.00000	1886.00000	
362000	6.00000	1.00000	166.00000	24.00000	987.00000	
363000	6.00000	1.00000	157.00000	12.00000	700.00000	
364000	5.00000	1.00000	167.00000	19.00000	723.00000	
365000	3.00000	1.00000	154.00000	14.00000	460.00000	
366000	6.00000	3.00000	157.00000	27.00000	918.00000	
367000	7.00000	2.00000	185.00000	44.00000	1648.00000	
368000	9.00000	1.00000	180.00000	49.00000	1979.00000	
369000	9.00000	2.00000	169.00000	40.00000	1948.00000	
370000	9.00000	2.00000	162.00000	35.00000	1415.00000	
371000	13.00000	1.00000	154.00000	55.00000	1969.00000	
372000	10.00000	1.00000	165.00000	46.00000	1745.00000	
373000	8.00000	2.00000	163.00000	34.00000	1440.00000	
374000	7.00000	1.00000	163.00000	31.00000	1479.00000	
375000	8.00000	1.00000	166.00000	41.00000	1600.00000	
376000	7.00000	2.00000	172.00000	27.00000	1321.00000	
377000	5.00000	4.00000	138.00000	15.00000	520.00000	
378000	6.00000	2.00000	155.00000	18.00000	851.00000	
379000	7.00000	3.00000	149.00000	21.00000	1021.00000	
380000	6.00000	1.00000	154.00000	20.00000	980.00000	
381000	5.00000	1.00000	148.00000	17.00000	628.00000	
382000	5.00000	1.00000	143.00000	12.00000	515.00000	
383000	3.00000	1.00000	143.00000	12.00000	478.00000	
384000	6.00000	3.00000	149.00000	21.00000	863.00000	
385000	8.00000	5.00000	158.00000	39.00000	1323.00000	
386000	9.00000	3.00000	160.00000	33.00000	1447.00000	
387000	10.00000	2.00000	165.00000	46.00000	1968.00000	
388000	8.00000	2.00000	166.00000	35.00000	1434.00000	
389000	8.00000	3.00000	168.00000	42.00000	1527.00000	
390000	9.00000	2.00000	178.00000	68.00000	2513.00000	
391000	7.00000	4.00000	173.00000	51.00000	1974.00000	
392000	8.00000	2.00000	175.00000	56.00000	2327.00000	
393000	10.00000	4.00000	184.00000	69.00000	2830.00000	
394000	7.00000	3.00000	163.00000	37.00000	1461.00000	
395000	7.00000	2.00000	155.00000	30.00000	1118.00000	
396000	2.00000	0.00000	151.00000	6.00000	239.00000	
397000	8.00000	1.00000	163.00000	33.00000	1009.00000	
398000	12.00000	2.00000	179.00000	70.00000	2427.00000	
399000	7.00000	0.00000	164.00000	34.00000	1162.00000	
400000	7.00000	1.00000	150.00000	24.00000	914.00000	
401000	9.00000	2.00000	161.00000	31.00000	1574.00000	
402000	10.00000	0.00000	186.00000	60.00000	2644.00000	
403000	9.00000	1.00000	189.00000	57.00000	1985.00000	
404000	6.00000	1.00000	185.00000	32.00000	1343.00000	
405000	9.00000	1.00000	200.00000	48.00000	2245.00000	
406000	7.00000	1.00000	176.00000	28.00000	1370.00000	
407000	5.00000	1.00000	168.00000	29.00000	893.00000	
408000	8.00000	2.00000	157.00000	32.00000	1228.00000	
409000	7.00000	3.00000	165.00000	35.00000	1494.00000	
410000	6.00000	4.00000	148.00000	14.00000	845.00000	
411000	7.00000	2.00000	153.00000	33.00000	1293.00000	
412000	4.00000	2.00000	142.00000	14.00000	498.00000	
413000	6.00000	0.00000	136.00000	11.00000	528.00000	
414000	9.00000	0.00000	147.00000	26.00000	1018.00000	
415000	6.00000	1.00000	154.00000	23.00000	897.00000	
416000	7.00000	2.00000	156.00000	33.00000	1418.00000	
417000	6.00000	3.00000	162.00000	21.00000	950.00000	
418000	9.00000	1.00000	164.00000	48.00000	1801.00000	
419000	12.00000	1.00000	174.00000	61.00000	2232.00000	
420000	8.00000	1.00000	178.00000	43.00000	1765.00000	
421000	9.00000	1.00000	167.00000	38.00000	1559.00000	
422000	8.00000	3.00000	190.00000	36.00000	1884.00000	
423000	11.00000	2.00000	180.00000	56.00000	2180.00000	
424000	14.00000	4.00000	184.00000	69.00000	2879.00000	
425000	11.00000	1.00000	180.00000	63.00000	2522.00000	
426000	11.00000	4.00000	185.00000	66.00000	2692.00000	
427000	11.00000	3.00000	180.00000	65.00000	2388.00000	
428000	11.00000	4.00000	175.00000	53.00000	2300.00000	
429000	10.00000	5.00000	180.00000	57.00000	2233.00000	
430000	7.00000	4.00000	155.00000	24.00000	1141.00000	
431000	6.00000	2.00000	144.00000	19.00000	721.00000	
432000	7.00000	2.00000	154.00000	24.00000	937.00000	
433000	5.00000	3.00000	158.00000	19.00000	862.00000	
434000	5.00000	1.00000	159.00000	21.00000	762.00000	
435000	5.00000	0.00000	157.00000	24.00000	784.00000	
436000	8.00000	0.00000	159.00000	35.00000	1289.00000	
437000	7.00000	1.00000	164.00000	28.00000	1001.00000	
438000	5.00000	2.00000	146.00000	17.00000	671.00000	
439000	4.00000	2.00000	152.00000	11.00000	436.00000	
440000	7.00000	0.00000	148.00000	24.00000	850.00000	
441000	9.00000	0.00000	163.00000	38.00000	1367.00000	
442000	9.00000	3.00000	175.00000	41.00000	1628.00000	
443000	8.00000	4.00000	195.00000	46.00000	2012.00000	
444000	7.00000	5.00000	194.00000	40.00000	1641.00000	
445000	9.00000	2.00000	188.00000	51.00000	2308.00000	
446000	6.00000	1.00000	177.00000	33.00000	1311.00000	
447000	7.00000	1.00000	176.00000	34.00000	1595.00000	
448000	10.00000	0.00000	179.00000	67.00000	2146.00000	
449000	8.00000	0.00000	166.00000	42.00000	1330.00000	
450000	11.00000	0.00000	177.00000	58.00000	2178.00000	
451000	7.00000	1.00000	154.00000	26.00000	1052.00000	
452000	9.00000	1.00000	170.00000	56.00000	2013.00000	
453000	8.00000	2.00000	171.00000	48.00000	1683.00000	
454000	7.00000	4.00000	166.00000	35.00000	1396.00000	
455000	7.00000	4.00000	170.00000	36.00000	1326.00000	
456000	9.00000	6.00000	150.00000	44.00000	1632.00000	
457000	8.00000	4.00000	156.00000	37.00000	1549.00000	
458000	6.00000	2.00000	169.00000	37.00000	1329.00000	
459000	8.00000	1.00000	167.00000	44.00000	1549.00000	
460000	4.00000	3.00000	169.00000	26.00000	824.00000	
461000	7.00000	2.00000	163.00000	33.00000	1482.00000	
462000	11.00000	1.00000	155.00000	56.00000	1893.00000	
463000	11.00000	2.00000	169.00000	73.00000	2445.00000	
464000	13.00000	1.00000	174.00000	62.00000	2654.00000	
465000	9.00000	2.00000	184.00000	51.00000	2078.00000	
466000	8.00000	2.00000	168.00000	30.00000	1380.00000	
467000	9.00000	2.00000	168.00000	43.00000	1676.00000	
468000	9.00000	2.00000	161.00000	37.00000	1333.00000	
469000	7.00000	2.00000	155.00000	28.00000	1200.00000	
470000	8.00000	3.00000	150.00000	32.00000	1221.00000	
471000	6.00000	2.00000	141.00000	22.00000	695.00000	
472000	7.00000	3.00000	147.00000	32.00000	1225.00000	
473000	5.00000	3.00000	165.00000	19.00000	1016.00000	
474000	7.00000	3.00000	151.00000	35.00000	1137.00000	
475000	7.00000	3.00000	157.00000	23.00000	1113.00000	
476000	5.00000	2.00000	161.00000	30.00000	1042.00000	
477000	6.00000	3.00000	146.00000	21.00000	926.00000	
478000	4.00000	2.00000	160.00000	16.00000	609.00000	
479000	12.00000	0.00000	177.00000	60.00000	2428.00000	
480000	12.00000	0.00000	159.00000	40.00000	1984.00000	
481000	8.00000	0.00000	169.00000	42.00000	1490.00000	
482000	3.00000	0.00000	166.00000	20.00000	645.00000	
483000	6.00000	0.00000	169.00000	26.00000	1095.00000	
484000	8.00000	2.00000	162.00000	27.00000	1374.00000	
485000	10.00000	2.00000	156.00000	33.00000	1185.00000	
486000	9.00000	2.00000	173.00000	43.00000	1717.00000	
487000	10.00000	3.00000	178.00000	41.00000	1892.00000	
488000	12.00000	4.00000	179.00000	55.00000	2354.00000	
489000	8.00000	2.00000	171.00000	35.00000	1488.00000	
490000	12.00000	0.00000	191.00000	78.00000	3058.00000	
491000	10.00000	1.00000	184.00000	65.00000	2297.00000	
492000	7.00000	0.00000	178.00000	25.00000	1213.00000	
493000	4.00000	2.00000	153.00000	13.00000	528.00000	
494000	3.00000	3.00000	154.00000	9.00000	396.00000	
495000	4.00000	1.00000	159.00000	22.00000	681.00000	
496000	6.00000	0.00000	165.00000	36.00000	1165.00000	
497000	8.00000	0.00000	166.00000	33.00000	1288.00000	
498000	8.00000	1.00000	155.00000	30.00000	1205.00000	
499000	7.00000	1.00000	141.00000	25.00000	1061.00000	
500000	7.00000	1.00000	147.00000	25.00000	954.00000	
501000	7.00000	1.00000	162.00000	32.00000	1291.00000	
502000	8.00000	5.00000	153.00000	29.00000	1279.00000	
503000	10.00000	5.00000	167.00000	47.00000	1991.00000	
504000	7.00000	6.00000	156.00000	29.00000	1263.00000	
505000	8.00000	5.00000	162.00000	35.00000	1452.00000	
506000	5.00000	2.00000	162.00000	19.00000	818.00000	
507000	3.00000	5.00000	170.00000	14.00000	427.00000	
508000	3.00000	4.00000	156.00000	14.00000	420.00000	
509000	5.00000	3.00000	156.00000	20.00000	881.00000	
510000	2.00000	2.00000	156.00000	10.00000	368.00000	
511000	6.00000	3.00000	144.00000	17.00000	613.00000	
512000	6.00000	2.00000	137.00000	19.00000	790.00000	
513000	2.00000	3.00000	163.00000	11.00000	419.00000	
514000	2.00000	3.00000	154.00000	9.00000	321.00000	
515000	5.00000	3.00000	149.00000	18.00000	697.00000	
516000	4.00000	4.00000	151.00000	15.00000	532.00000	
517000	6.00000	1.00000	163.00000	27.00000	1206.00000	
518000	5.00000	1.00000	186.00000	30.00000	1198.00000	
519000	8.00000	0.00000	169.00000	39.00000	1495.00000	
520000	6.00000	1.00000	158.00000	30.00000	1088.00000	
521000	6.00000	2.00000	160.00000	18.00000	822.00000	
522000	8.00000	2.00000	159.00000	36.00000	1491.00000	
523000	10.00000	1.00000	176.00000	68.00000	2757.00000	
524000	8.00000	1.00000	179.00000	44.00000	1634.00000	
525000	9.00000	5.00000	177.00000	46.00000	1974.00000	
526000	9.00000	4.00000	161.00000	39.00000	1553.00000	
527000	10.00000	2.00000	157.00000	48.00000	1645.00000	
528000	9.00000	4.00000	154.00000	37.00000	1301.00000	
529000	8.00000	4.00000	147.00000	33.00000	1141.00000	
530000	9.00000	4.00000	147.00000	34.00000	1386.00000	
531000	12.00000	3.00000	178.00000	59.00000	2551.00000	
532000	7.00000	3.00000	152.00000	25.00000	1061.00000	
533000	5.00000	2.00000	157.00000	17.00000	691.00000	
534000	4.00000	1.00000	154.00000	11.00000	502.00000	
535000	6.00000	1.00000	140.00000	15.00000	729.00000	
536000	6.00000	3.00000	132.00000	15.00000	724.00000	
537000	4.00000	3.00000	161.00000	16.00000	577.00000	
538000	4.00000	1.00000	147.00000	18.00000	613.00000	
539000	4.00000	2.00000	159.00000	17.00000	542.00000	
540000	4.00000	3.00000	153.00000	17.00000	685.00000	
541000	6.00000	1.00000	159.00000	26.00000	940.00000	
542000	9.00000	0.00000	141.00000	35.00000	1192.00000	
543000	4.00000	3.00000	143.00000	16.00000	506.00000	
544000	2.00000	5.00000	147.00000	6.00000	266.00000	
545000	3.00000	3.00000	145.00000	13.00000	364.00000	
546000	1.00000	1.00000	138.00000	2.00000	80.00000	
547000	1.00000	2.00000	139.00000	2.00000	96.00000	
548000	6.00000	1.00000	137.00000	27.00000	999.00000	
549000	8.00000	1.00000	156.00000	34.00000	1488.00000	
550000	4.00000	1.00000	136.00000	16.00000	597.00000	
551000	8.00000	0.00000	135.00000	35.00000	1048.00000	
552000	7.00000	0.00000	158.00000	29.00000	1013.00000	
553000	8.00000	1.00000	176.00000	43.00000	1764.00000	
554000	9.00000	3.00000	169.00000	41.00000	1726.00000	
555000	9.00000	3.00000	154.00000	54.00000	1794.00000	
556000	11.00000	3.00000	175.00000	48.00000	2226.00000	
557000	8.00000	5.00000	175.00000	33.00000	1478.00000	
558000	5.00000	3.00000	150.00000	16.00000	724.00000	
559000	3.00000	2.00000	156.00000	12.00000	332.00000	
560000	8.00000	3.00000	168.00000	29.00000	1384.00000	
561000	5.00000	4.00000	173.00000	29.00000	1232.00000	
562000	1.00000	6.00000	148.00000	3.00000	165.00000	
563000	1.00000	3.00000	145.00000	2.00000	100.00000	
564000	2.00000	1.00000	145.00000	8.00000	310.00000	
565000	3.00000	0.00000	151.00000	13.00000	447.00000	
566000	3.00000	0.00000	154.00000	15.00000	477.00000	
567000	2.00000	0.00000	146.00000	9.00000	248.00000	
568000	3.00000	0.00000	157.00000	9.00000	524.00000	
569000	4.00000	0.00000	160.00000	17.00000	706.00000	
570000	5.00000	0.00000	175.00000	19.00000	876.00000	
571000	10.00000	2.00000	168.00000	39.00000	1622.00000	
572000	10.00000	2.00000	170.00000	43.00000	1602.00000	
573000	6.00000	2.00000	163.00000	18.00000	876.00000	
574000	7.00000	1.00000	174.00000	29.00000	1124.00000	
575000	8.00000	2.00000	166.00000	39.00000	1382.00000	
576000	4.00000	4.00000	152.00000	15.00000	590.00000	
577000	2.00000	2.00000	159.00000	8.00000	325.00000	
578000	8.00000	1.00000	152.00000	26.00000	1019.00000	
579000	3.00000	3.00000	162.00000	10.00000	472.00000	
580000	6.00000	3.00000	172.00000	27.00000	1206.00000	
581000	5.00000	2.00000	184.00000	26.00000	1069.00000	
582000	6.00000	2.00000	156.00000	30.00000	1041.00000	
583000	6.00000	3.00000	171.00000	34.00000	1337.00000	
584000	8.00000	3.00000	144.00000	34.00000	1100.00000	
585000	13.00000	1.00000	174.00000	66.00000	2674.00000	
586000	7.00000	3.00000	180.00000	47.00000	1984.00000	
587000	8.00000	3.00000	179.00000	48.00000	1931.00000	
588000	5.00000	4.00000	158.00000	26.00000	771.00000	
589000	3.00000	4.00000	146.00000	11.00000	357.00000	
590000	4.00000	0.00000	152.00000	12.00000	566.00000	
591000	4.00000	1.00000	174.00000	20.00000	726.00000	
592000	3.00000	2.00000	163.00000	8.00000	349.00000	
593000	1.00000	1.00000	149.00000	2.00000	78.00000	
594000	3.00000	0.00000	132.00000	8.00000	276.00000	
595000	4.00000	2.00000	140.00000	15.00000	587.00000	
596000	6.00000	0.00000	152.00000	31.00000	1104.00000	
597000	8.00000	1.00000	160.00000	33.00000	1254.00000	
598000	5.00000	3.00000	166.00000	30.00000	918.00000	
599000	8.00000	2.00000	167.00000	45.00000	1784.00000	
600000	8.00000	2.00000	163.00000	35.00000	1477.00000	
601000	7.00000	3.00000	165.00000	41.00000	1677.00000	
602000	6.00000	1.00000	157.00000	22.00000	942.00000	
603000	6.00000	2.00000	153.00000	24.00000	951.00000	
604000	7.00000	1.00000	157.00000	27.00000	1029.00000	
605000	7.00000	2.00000	174.00000	38.00000	1483.00000	
606000	5.00000	4.00000	171.00000	27.00000	933.00000	
607000	9.00000	5.00000	166.00000	52.00000	1672.00000	
608000	9.00000	4.00000	165.00000	42.00000	1647.00000	
609000	9.00000	3.00000	171.00000	46.00000	1909.00000	
610000	7.00000	3.00000	174.00000	42.00000	1347.00000	
611000	11.00000	3.00000	183.00000	64.00000	2724.00000	
612000	11.00000	3.00000	170.00000	63.00000	2563.00000	
613000	8.00000	2.00000	159.00000	36.00000	1446.00000	
614000	9.00000	2.00000	158.00000	36.00000	1528.00000	
615000	7.00000	3.00000	150.00000	32.00000	1173.00000	
616000	6.00000	4.00000	154.00000	24.00000	986.00000	
617000	6.00000	2.00000	144.00000	17.00000	788.00000	
618000	6.00000	2.00000	156.00000	20.00000	905.00000	
619000	3.00000	0.00000	162.00000	10.00000	369.00000	
620000	8.00000	0.00000	169.00000	53.00000	1817.00000	
621000	8.00000	2.00000	178.00000	34.00000	1536.00000	
622000	10.00000	2.00000	163.00000	38.00000	1708.00000	
623000	7.00000	2.00000	185.00000	45.00000	1660.00000	
624000	14.00000	1.00000	179.00000	79.00000	3089.00000	
625000	12.00000	3.00000	180.00000	86.00000	2690.00000	
626000	10.00000	3.00000	179.00000	49.00000	2080.00000	
627000	6.00000	2.00000	155.00000	17.00000	842.00000	
628000	6.00000	0.00000	174.00000	21.00000	1084.00000	
629000	4.00000	1.00000	176.00000	20.00000	858.00000	
630000	5.00000	1.00000	180.00000	30.00000	1120.00000	
631000	6.00000	4.00000	177.00000	39.00000	1302.00000	
632000	8.00000	5.00000	174.00000	40.00000	1552.00000	
633000	7.00000	3.00000	178.00000	36.00000	1458.00000	
634000	11.00000	1.00000	185.00000	63.00000	2519.00000	
635000	9.00000	0.00000	171.00000	44.00000	2099.00000	
636000	9.00000	1.00000	182.00000	59.00000	2379.00000	
637000	6.00000	1.00000	193.00000	42.00000	1673.00000	
638000	8.00000	1.00000	196.00000	48.00000	2021.00000	
639000	13.00000	0.00000	184.00000	83.00000	3295.00000	
640000	7.00000	0.00000	167.00000	35.00000	1357.00000	
641000	7.00000	2.00000	149.00000	22.00000	982.00000	
642000	3.00000	4.00000	145.00000	7.00000	284.00000	
643000	4.00000	2.00000	145.00000	13.00000	483.00000	
644000	2.00000	2.00000	165.00000	11.00000	420.00000	
645000	1.00000	2.00000	157.00000	3.00000	150.00000	
646000	3.00000	0.00000	155.00000	15.00000	510.00000	
647000	3.00000	0.00000	144.00000	5.00000	261.00000	
648000	4.00000	0.00000	144.00000	15.00000	422.00000	
649000	6.00000	0.00000	158.00000	21.00000	747.00000	
650000	7.00000	1.00000	162.00000	23.00000	985.00000	
651000	6.00000	3.00000	162.00000	23.00000	948.00000	
652000	6.00000	1.00000	158.00000	19.00000	832.00000	
653000	6.00000	2.00000	177.00000	26.00000	1022.00000	
654000	9.00000	0.00000	166.00000	48.00000	1870.00000	
655000	13.00000	1.00000	173.00000	63.00000	2700.00000	
656000	11.00000	2.00000	187.00000	63.00000	2297.00000	
657000	17.00000	2.00000	184.00000	94.00000	3564.00000	
658000	10.00000	2.00000	168.00000	38.00000	1600.00000	
659000	11.00000	1.00000	158.00000	40.00000	1666.00000	
660000	8.00000	2.00000	161.00000	27.00000	1075.00000	
661000	7.00000	2.00000	172.00000	31.00000	1230.00000	
662000	12.00000	2.00000	161.00000	40.00000	1777.00000	
663000	10.00000	1.00000	154.00000	31.00000	1522.00000	
664000	6.00000	2.00000	164.00000	22.00000	922.00000	
665000	7.00000	3.00000	160.00000	26.00000	1123.00000	
666000	9.00000	3.00000	161.00000	36.00000	1369.00000	
667000	5.00000	1.00000	165.00000	31.00000	1113.00000	
668000	7.00000	0.00000	163.00000	30.00000	1348.00000	
669000	6.00000	2.00000	155.00000	29.00000	993.00000	
670000	5.00000	1.00000	152.00000	27.00000	826.00000	
671000	5.00000	1.00000	145.00000	18.00000	713.00000	
672000	6.00000	3.00000	172.00000	31.00000	1221.00000	
673000	3.00000	3.00000	150.00000	8.00000	318.00000	
674000	6.00000	5.00000	159.00000	25.00000	781.00000	
675000	7.00000	3.00000	150.00000	31.00000	980.00000	
676000	7.00000	3.00000	164.00000	31.00000	1095.00000	
677000	4.00000	3.00000	148.00000	16.00000	598.00000	
678000	8.00000	2.00000	180.00000	52.00000	1774.00000	
679000	14.00000	1.00000	171.00000	84.00000	3246.00000	
680000	8.00000	0.00000	170.00000	47.00000	1677.00000	
681000	5.00000	0.00000	187.00000	31.00000	1094.00000	
682000	7.00000	1.00000	163.00000	25.00000	973.00000	
683000	3.00000	1.00000	169.00000	17.00000	503.00000	
684000	2.00000	0.00000	160.00000	7.00000	254.00000	
685000	5.00000	1.00000	141.00000	22.00000	756.00000	
686000	7.00000	2.00000	154.00000	27.00000	1184.00000	
687000	7.00000	1.00000	157.00000	30.00000	1156.00000	
688000	7.00000	2.00000	154.00000	30.00000	1138.00000	
689000	9.00000	1.00000	158.00000	29.00000	1555.00000	
690000	12.00000	0.00000	185.00000	64.00000	2820.00000	
691000	10.00000	0.00000	159.00000	39.00000	1418.00000	
692000	15.00000	0.00000	154.00000	58.00000	2287.00000	
693000	10.00000	0.00000	155.00000	38.00000	1484.00000	
694000	5.00000	2.00000	172.00000	23.00000	1065.00000	
695000	4.00000	1.00000	161.00000	18.00000	662.00000	
696000	3.00000	1.00000	169.00000	14.00000	519.00000	
697000	5.00000	2.00000	159.00000	23.00000	756.00000	
698000	6.00000	1.00000	168.00000	31.00000	1162.00000	
699000	8.00000	2.00000	176.00000	40.00000	1565.00000	
700000	13.00000	2.00000	171.00000	62.00000	2594.00000	
701000	10.00000	1.00000	158.00000	44.00000	1668.00000	
702000	9.00000	0.00000	158.00000	39.00000	1554.00000	
703000	11.00000	0.00000	177.00000	56.00000	2202.00000	
704000	6.00000	0.00000	154.00000	30.00000	940.00000	
705000	5.00000	0.00000	158.00000	18.00000	796.00000	
706000	9.00000	0.00000	182.00000	45.00000	1882.00000	
707000	9.00000	0.00000	169.00000	40.00000	1757.00000	
708000	12.00000	1.00000	162.00000	63.00000	2020.00000	
709000	9.00000	1.00000	181.00000	52.00000	1835.00000	
710000	11.00000	1.00000	171.00000	51.00000	2352.00000	
711000	12.00000	3.00000	179.00000	82.00000	2949.00000	
712000	11.00000	3.00000	175.00000	55.00000	2301.00000	
713000	9.00000	2.00000	182.00000	48.00000	1919.00000	
714000	9.00000	5.00000	184.00000	53.00000	1969.00000	
715000	8.00000	4.00000	160.00000	39.00000	1237.00000	
716000	6.00000	4.00000	160.00000	21.00000	773.00000	
717000	7.00000	2.00000	152.00000	27.00000	1019.00000	
718000	7.00000	2.00000	159.00000	26.00000	1160.00000	
719000	7.00000	0.00000	153.00000	21.00000	989.00000	
720000	6.00000	0.00000	159.00000	27.00000	935.00000	
721000	4.00000	1.00000	151.00000	20.00000	747.00000	
722000	6.00000	2.00000	159.00000	24.00000	993.00000	
723000	8.00000	2.00000	156.00000	29.00000	1122.00000	
724000	6.00000	1.00000	156.00000	28.00000	1176.00000	
725000	6.00000	2.00000	155.00000	30.00000	1045.00000	
726000	5.00000	1.00000	149.00000	16.00000	554.00000	
727000	5.00000	0.00000	159.00000	25.00000	970.00000	
728000	8.00000	2.00000	157.00000	41.00000	1421.00000	
729000	9.00000	2.00000	152.00000	29.00000	1373.00000	
730000	7.00000	2.00000	179.00000	31.00000	1380.00000	
731000	9.00000	2.00000	180.00000	45.00000	1699.00000	
732000	9.00000	2.00000	170.00000	38.00000	1476.00000	
733000	6.00000	1.00000	172.00000	33.00000	1291.00000	
734000	6.00000	4.00000	168.00000	32.00000	1351.00000	
735000	3.00000	3.00000	166.00000	13.00000	570.00000	
736000	2.00000	2.00000	156.00000	8.00000	293.00000	
737000	2.00000	2.00000	140.00000	5.00000	216.00000	
738000	3.00000	1.00000	133.00000	7.00000	358.00000	
739000	3.00000	2.00000	144.00000	15.00000	318.00000	
740000	8.00000	3.00000	154.00000	36.00000	1469.00000	
741000	10.00000	3.00000	163.00000	59.00000	2048.00000	
742000	9.00000	3.00000	167.00000	55.00000	1967.00000	
743000	6.00000	4.00000	165.00000	27.00000	980.00000	
744000	5.00000	4.00000	151.00000	20.00000	754.00000	
745000	4.00000	4.00000	145.00000	13.00000	435.00000	
746000	6.00000	4.00000	149.00000	19.00000	860.00000	
747000	2.00000	3.00000	149.00000	4.00000	366.00000	
748000	4.00000	3.00000	151.00000	15.00000	722.00000	
749000	7.00000	4.00000	159.00000	37.00000	1492.00000	
750000	4.00000	4.00000	151.00000	19.00000	615.00000	
751000	1.00000	3.00000	169.00000	2.00000	91.00000	
752000	4.00000	0.00000	160.00000	16.00000	650.00000	
753000	5.00000	2.00000	142.00000	16.00000	687.00000	
754000	5.00000	2.00000	146.00000	17.00000	650.00000	
755000	5.00000	1.00000	144.00000	10.00000	541.00000	
756000	7.00000	2.00000	140.00000	22.00000	886.00000	
757000	7.00000	1.00000	151.00000	23.00000	1162.00000	
758000	7.00000	2.00000	171.00000	36.00000	1359.00000	
759000	4.00000	4.00000	169.00000	17.00000	705.00000	
760000	8.00000	2.00000	172.00000	32.00000	1397.00000	
761000	9.00000	2.00000	170.00000	51.00000	1727.00000	
762000	5.00000	1.00000	180.00000	23.00000	1006.00000	
763000	6.00000	4.00000	164.00000	29.00000	1089.00000	
764000	8.00000	4.00000	175.00000	39.00000	1442.00000	
765000	11.00000	3.00000	178.00000	55.00000	2361.00000	
766000	9.00000	3.00000	184.00000	54.00000	2118.00000	
767000	9.00000	2.00000	177.00000	42.00000	1879.00000	
768000	10.00000	1.00000	178.00000	56.00000	2223.00000	
769000	8.00000	2.00000	155.00000	35.00000	1180.00000	
770000	6.00000	2.00000	160.00000	36.00000	1045.00000	
771000	5.00000	2.00000	174.00000	30.00000	1182.00000	
772000	4.00000	3.00000	158.00000	21.00000	637.00000	
773000	7.00000	4.00000	160.00000	30.00000	1281.00000	
774000	7.00000	0.00000	176.00000	38.00000	1344.00000	
775000	5.00000	0.00000	155.00000	21.00000	827.00000	
776000	5.00000	0.00000	169.00000	27.00000	988.00000	
777000	4.00000	1.00000	143.00000	15.00000	652.00000	
778000	4.00000	3.00000	138.00000	8.00000	475.00000	
779000	3.00000	0.00000	135.00000	8.00000	381.00000	
780000	3.00000	0.00000	138.00000	8.00000	406.00000	
781000	2.00000	0.00000	136.00000	9.00000	363.00000	
782000	4.00000	1.00000	149.00000	9.00000	433.00000	
783000	2.00000	3.00000	133.00000	7.00000	276.00000	
784000	4.00000	1.00000	160.00000	17.00000	607.00000	
785000	2.00000	2.00000	161.00000	5.00000	200.00000	
786000	3.00000	2.00000	161.00000	13.00000	453.00000	
787000	6.00000	5.00000	171.00000	33.00000	1129.00000	
788000	6.00000	3.00000	195.00000	31.00000	1404.00000	
789000	11.00000	3.00000	182.00000	60.00000	2449.00000	
790000	12.00000	3.00000	175.00000	63.00000	2370.00000	
791000	12.00000	2.00000	183.00000	57.00000	2544.00000	
792000	15.00000	0.00000	191.00000	72.00000	3185.00000	
793000	13.00000	0.00000	183.00000	57.00000	2675.00000	
794000	10.00000	2.00000	172.00000	42.00000	1686.00000	
795000	11.00000	1.00000	167.00000	54.00000	1881.00000	
796000	12.00000	6.00000	170.00000	53.00000	2168.00000	
797000	12.00000	4.00000	172.00000	67.00000	2504.00000	
798000	11.00000	1.00000	182.00000	60.00000	2748.00000	
799000	10.00000	0.00000	187.00000	74.00000	2919.00000	
800000	10.00000	0.00000	192.00000	49.00000	2399.00000	
801000	9.00000	1.00000	181.00000	38.00000	1773.00000	
802000	7.00000	1.00000	175.00000	35.00000	1395.00000	
803000	5.00000	2.00000	176.00000	25.00000	1056.00000	
804000	5.00000	2.00000	160.00000	22.00000	807.00000	
805000	8.00000	1.00000	162.00000	38.00000	1401.00000	
806000	5.00000	3.00000	167.00000	19.00000	797.00000	
807000	5.00000	1.00000	167.00000	21.00000	1033.00000	
808000	7.00000	3.00000	164.00000	38.00000	1486.00000	
809000	8.00000	2.00000	164.00000	32.00000	1438.00000	
810000	4.00000	1.00000	173.00000	15.00000	602.00000	
811000	5.00000	1.00000	174.00000	23.00000	812.00000	
812000	6.00000	1.00000	146.00000	29.00000	1023.00000	
813000	7.00000	2.00000	142.00000	27.00000	1079.00000	
814000	3.00000	1.00000	155.00000	16.00000	596.00000	
815000	4.00000	0.00000	159.00000	24.00000	816.00000	
816000	7.00000	0.00000	160.00000	30.00000	1241.00000	
817000	4.00000	0.00000	157.00000	12.00000	571.00000	
818000	5.00000	0.00000	162.00000	24.00000	794.00000	
819000	3.00000	0.00000	137.00000	9.00000	405.00000	
820000	4.00000	1.00000	140.00000	14.00000	461.00000	
821000	5.00000	2.00000	124.00000	13.00000	422.00000	
822000	5.00000	2.00000	152.00000	24.00000	808.00000	
823000	8.00000	1.00000	142.00000	36.00000	1137.00000	
824000	8.00000	4.00000	146.00000	25.00000	954.00000	
825000	7.00000	3.00000	148.00000	20.00000	1128.00000	
826000	6.00000	1.00000	150.00000	23.00000	1080.00000	
827000	3.00000	1.00000	152.00000	14.00000	585.00000	
828000	3.00000	1.00000	167.00000	10.00000	523.00000	
829000	7.00000	2.00000	150.00000	32.00000	1059.00000	
830000	5.00000	2.00000	161.00000	25.00000	845.00000	
831000	4.00000	5.00000	178.00000	16.00000	773.00000	
832000	6.00000	3.00000	162.00000	30.00000	1020.00000	
833000	7.00000	2.00000	158.00000	26.00000	1136.00000	
834000	4.00000	3.00000	147.00000	17.00000	580.00000	
835000	5.00000	3.00000	156.00000	21.00000	830.00000	
836000	7.00000	3.00000	157.00000	23.00000	1038.00000	
837000	6.00000	2.00000	134.00000	16.00000	686.00000	
838000	7.00000	1.00000	140.00000	29.00000	1056.00000	
839000	6.00000	0.00000	166.00000	30.00000	1249.00000	
840000	4.00000	0.00000	161.00000	19.00000	720.00000	
841000	4.00000	0.00000	171.00000	16.00000	629.00000	
842000	4.00000	0.00000	165.00000	12.00000	512.00000	
843000	5.00000	0.00000	159.00000	13.00000	582.00000	
844000	4.00000	1.00000	152.00000	13.00000	624.00000	
845000	3.00000	2.00000	155.00000	13.00000	404.00000	
846000	2.00000	4.00000	156.00000	9.00000	325.00000	
847000	2.00000	6.00000	142.00000	8.00000	218.00000	
848000	1.00000	2.00000	152.00000	4.00000	156.00000	
849000	4.00000	1.00000	165.00000	15.00000	696.00000	
850000	5.00000	1.00000	169.00000	26.00000	954.00000	
851000	5.00000	1.00000	170.00000	21.00000	956.00000	
852000	5.00000	2.00000	147.00000	19.00000	667.00000	
853000	6.00000	1.00000	172.00000	19.00000	956.00000	
854000	6.00000	2.00000	158.00000	27.00000	1128.00000	
855000	4.00000	2.00000	150.00000	16.00000	636.00000	
856000	8.00000	1.00000	173.00000	39.00000	1380.00000	
857000	7.00000	3.00000	174.00000	31.00000	1301.00000	
858000	10.00000	4.00000	177.00000	59.00000	2071.00000	
859000	4.00000	5.00000	166.00000	22.00000	819.00000	
860000	6.00000	1.00000	166.00000	23.00000	924.00000	
861000	6.00000	2.00000	168.00000	19.00000	930.00000	
862000	4.00000	2.00000	173.00000	26.00000	884.00000	
863000	5.00000	2.00000	156.00000	16.00000	802.00000	
864000	8.00000	1.00000	159.00000	23.00000	1130.00000	
865000	9.00000	0.00000	164.00000	35.00000	1539.00000	
866000	8.00000	0.00000	170.00000	50.00000	1626.00000	
867000	10.00000	0.00000	169.00000	52.00000	2163.00000	
868000	4.00000	0.00000	154.00000	16.00000	660.00000	
869000	8.00000	1.00000	162.00000	34.00000	1487.00000	
870000	8.00000	3.00000	172.00000	41.00000	1578.00000	
871000	11.00000	3.00000	178.00000	50.00000	2209.00000	
872000	11.00000	1.00000	184.00000	62.00000	2762.00000	
873000	6.00000	2.00000	148.00000	23.00000	935.00000	
874000	6.00000	3.00000	141.00000	23.00000	734.00000	
875000	4.00000	1.00000	146.00000	19.00000	616.00000	
876000	3.00000	0.00000	150.00000	8.00000	465.00000	
877000	6.00000	2.00000	160.00000	20.00000	917.00000	
878000	8.00000	0.00000	144.00000	27.00000	1019.00000	
879000	6.00000	0.00000	143.00000	16.00000	576.00000	
880000	5.00000	1.00000	159.00000	20.00000	784.00000	
881000	6.00000	0.00000	159.00000	27.00000	1083.00000	
882000	4.00000	2.00000	160.00000	26.00000	686.00000	
883000	7.00000	2.00000	164.00000	35.00000	1134.00000	
884000	5.00000	2.00000	151.00000	17.00000	674.00000	
885000	7.00000	2.00000	165.00000	39.00000	1467.00000	
886000	7.00000	0.00000	149.00000	28.00000	1114.00000	
887000	4.00000	2.00000	157.00000	17.00000	806.00000	
888000	4.00000	1.00000	158.00000	16.00000	558.00000	
889000	5.00000	2.00000	160.00000	23.00000	765.00000	
890000	8.00000	4.00000	153.00000	25.00000	1118.00000	
891000	3.00000	3.00000	138.00000	13.00000	404.00000	
892000	2.00000	3.00000	144.00000	5.00000	240.00000	
893000	5.00000	2.00000	155.00000	22.00000	824.00000	
894000	4.00000	3.00000	163.00000	17.00000	659.00000	
895000	5.00000	2.00000	185.00000	23.00000	976.00000	
896000	10.00000	2.00000	179.00000	48.00000	2045.00000	
897000	8.00000	1.00000	182.00000	35.00000	1582.00000	
898000	8.00000	2.00000	187.00000	52.00000	1869.00000	
899000	12.00000	2.00000	182.00000	62.00000	2693.00000	
900000	9.00000	0.00000	196.00000	48.00000	2265.00000	
901000	11.00000	1.00000	184.00000	57.00000	2468.00000	
902000	8.00000	3.00000	181.00000	44.00000	1847.00000	
903000	14.00000	2.00000	183.00000	83.00000	3287.00000	
904000	14.00000	3.00000	185.00000	77.00000	3354.00000	
905000	13.00000	3.00000	190.00000	91.00000	3672.00000	
906000	13.00000	4.00000	187.00000	95.00000	4003.00000	
907000	12.00000	4.00000	170.00000	66.00000	2849.00000	
908000	7.00000	4.00000	138.00000	25.00000	1035.00000	
909000	4.00000	2.00000	142.00000	13.00000	557.00000	
910000	8.00000	1.00000	153.00000	31.00000	1370.00000	
911000	10.00000	1.00000	157.00000	35.00000	1472.00000	
912000	8.00000	1.00000	147.00000	34.00000	1215.00000	
913000	8.00000	1.00000	155.00000	28.00000	983.00000	
914000	7.00000	0.00000	174.00000	33.00000	1291.00000	
915000	5.00000	1.00000	152.00000	20.00000	963.00000	
916000	10.00000	1.00000	139.00000	43.00000	1527.00000	
917000	9.00000	3.00000	130.00000	31.00000	1252.00000	
918000	8.00000	5.00000	151.00000	33.00000	1094.00000	
919000	9.00000	2.00000	154.00000	40.00000	1512.00000	
920000	6.00000	0.00000	153.00000	22.00000	1080.00000	
921000	4.00000	1.00000	154.00000	14.00000	577.00000	
922000	4.00000	1.00000	135.00000	17.00000	536.00000	
923000	3.00000	1.00000	143.00000	9.00000	496.00000	
924000	5.00000	1.00000	146.00000	18.00000	711.00000	
925000	6.00000	2.00000	172.00000	26.00000	1026.00000	
926000	8.00000	1.00000	160.00000	25.00000	1117.00000	
927000	9.00000	2.00000	179.00000	41.00000	1729.00000	
928000	8.00000	1.00000	184.00000	45.00000	1571.00000	
929000	8.00000	1.00000	162.00000	33.00000	1392.00000	
930000	10.00000	2.00000	174.00000	56.00000	2034.00000	
931000	7.00000	3.00000	173.00000	42.00000	1438.00000	
932000	9.00000	1.00000	172.00000	30.00000	1344.00000	
933000	5.00000	2.00000	154.00000	27.00000	1008.00000	
934000	6.00000	2.00000	150.00000	22.00000	870.00000	
935000	4.00000	2.00000	164.00000	17.00000	817.00000	
936000	4.00000	3.00000	153.00000	16.00000	645.00000	
937000	4.00000	4.00000	159.00000	19.00000	696.00000	
938000	5.00000	2.00000	161.00000	15.00000	841.00000	
939000	7.00000	2.00000	171.00000	33.00000	1291.00000	
940000	5.00000	1.00000	169.00000	21.00000	811.00000	
941000	4.00000	2.00000	151.00000	11.00000	576.00000	
942000	2.00000	4.00000	149.00000	6.00000	290.00000	
943000	4.00000	3.00000	154.00000	15.00000	656.00000	
944000	5.00000	4.00000	157.00000	24.00000	783.00000	
945000	5.00000	1.00000	162.00000	21.00000	892.00000	
946000	6.00000	1.00000	165.00000	25.00000	1079.00000	
947000	4.00000	2.00000	158.00000	15.00000	573.00000	
948000	7.00000	3.00000	154.00000	28.00000	1077.00000	
949000	6.00000	3.00000	152.00000	28.00000	827.00000	
950000	3.00000	3.00000	168.00000	13.00000	612.00000	
951000	4.00000	4.00000	169.00000	21.00000	856.00000	
952000	5.00000	2.00000	146.00000	19.00000	638.00000	
953000	4.00000	2.00000	152.00000	17.00000	648.00000	
954000	2.00000	2.00000	146.00000	2.00000	203.00000	
955000	4.00000	3.00000	139.00000	13.00000	424.00000	
956000	4.00000	4.00000	145.00000	15.00000	486.00000	
957000	6.00000	0.00000	154.00000	29.00000	1175.00000	
958000	11.00000	0.00000	142.00000	39.00000	1513.00000	
959000	6.00000	0.00000	163.00000	34.00000	1405.00000	
960000	4.00000	3.00000	170.00000	27.00000	1076.00000	
961000	5.00000	5.00000	151.00000	25.00000	732.00000	
962000	3.00000	5.00000	142.00000	15.00000	381.00000	
963000	6.00000	3.00000	150.00000	22.00000	946.00000	
964000	10.00000	2.00000	165.00000	47.00000	1868.00000	
965000	8.00000	3.00000	163.00000	40.00000	1816.00000	
966000	7.00000	3.00000	164.00000	46.00000	1354.00000	
967000	10.00000	2.00000	176.00000	55.00000	1962.00000	
968000	8.00000	2.00000	171.00000	43.00000	1566.00000	
969000	7.00000	2.00000	165.00000	35.00000	1286.00000	
970000	6.00000	2.00000	175.00000	27.00000	1243.00000	
971000	6.00000	1.00000	159.00000	25.00000	1082.00000	
972000	9.00000	3.00000	171.00000	53.00000	1781.00000	
973000	9.00000	2.00000	163.00000	46.00000	1839.00000	
974000	6.00000	2.00000	164.00000	24.00000	1002.00000	
975000	7.00000	4.00000	163.00000	39.00000	1353.00000	
976000	4.00000	6.00000	156.00000	19.00000	813.00000	
977000	2.00000	2.00000	161.00000	8.00000	339.00000	
978000	4.00000	1.00000	155.00000	15.00000	565.00000	
979000	6.00000	2.00000	171.00000	38.00000	1204.00000	
980000	3.00000	2.00000	160.00000	16.00000	438.00000	
981000	6.00000	3.00000	169.00000	29.00000	1227.00000	
982000	7.00000	1.00000	153.00000	27.00000	1248.00000	
983000	11.00000	0.00000	142.00000	37.00000	1360.00000	
984000	8.00000	1.00000	150.00000	28.00000	1099.00000	
985000	10.00000	3.00000	161.00000	47.00000	1905.00000	
986000	8.00000	3.00000	154.00000	38.00000	1254.00000	
987000	6.00000	3.00000	169.00000	33.00000	1340.00000	
988000	5.00000	5.00000	152.00000	18.00000	821.00000	
989000	3.00000	4.00000	148.00000	13.00000	571.00000	
990000	7.00000	4.00000	177.00000	42.00000	1747.00000	
991000	3.00000	4.00000	165.00000	19.00000	520.00000	
992000	2.00000	3.00000	152.00000	7.00000	260.00000	
993000	2.00000	3.00000	161.00000	10.00000	384.00000	
994000	5.00000	3.00000	152.00000	20.00000	918.00000	
995000	7.00000	2.00000	155.00000	27.00000	1147.00000	
996000	6.00000	2.00000	165.00000	30.00000	1084.00000	
997000	9.00000	2.00000	164.00000	43.00000	1600.00000	
998000	7.00000	3.00000	159.00000	24.00000	857.00000	
999000	10.00000	3.00000	157.00000	44.00000	1506.00000	
1000000	8.00000	1.00000	153.00000	32.00000	1240.00000	
