1 16
1 19
1 24
1 41
1 42
1 48
1 49
1 51
1 53
1 58
1 60
2 16
2 18
2 20
2 21
2 25
2 26
2 29
2 30
2 32
2 35
2 36
2 38
2 40
2 43
2 49
2 51
2 52
2 58
3 18
3 19
3 22
3 23
3 26
3 27
3 28
3 29
3 30
3 33
3 44
3 47
3 53
3 54
3 55
3 59
4 16
4 18
4 20
4 21
4 22
4 25
4 29
4 30
4 31
4 32
4 36
4 38
4 48
4 54
5 19
5 21
5 25
5 51
5 52
5 58
5 60
6 15
6 17
6 22
6 29
6 31
6 41
6 42
6 45
6 47
6 59
7 22
7 24
7 25
7 29
7 30
7 36
7 41
7 47
7 52
7 58
7 60
8 18
8 30
8 38
8 40
8 44
8 54
8 59
9 27
9 31
9 32
9 38
9 46
9 47
9 49
9 60
10 15
10 36
10 38
10 39
10 41
10 45
10 47
10 53
10 54
10 55
10 58
11 16
11 20
11 22
11 23
11 24
11 25
11 27
11 30
11 31
11 34
11 36
11 39
11 40
11 42
11 49
11 50
11 51
11 54
11 57
11 58
12 20
12 25
12 31
12 35
12 38
12 44
12 45
12 48
12 49
12 51
12 54
12 57
12 58
12 60
13 14
13 16
13 17
13 19
13 22
13 24
13 27
13 34
13 37
13 38
13 41
13 42
13 46
13 47
13 55
13 56
13 58